0
897.975000	-0.780621	511.558000
0.0	898.501000	386.069000
0.0	0.0	1.0
-0.038376	0.100915
1.000000	0.000000	0.000000	0.000000
0.000000	1.000000	0.000000	0.000000
0.000000	0.000000	1.000000	0.000000

1
898.427000	-0.610276	513.422000
0.0	899.990000	376.581000
0.0	0.0	1.0
-0.045260	0.096743
0.952517	-0.107687	0.284802	-7.267870
0.112249	0.993679	0.000306	-0.222380
-0.283035	0.031678	0.958585	1.044030

2
896.946000	-1.249110	524.473000
0.0	897.799000	406.626000
0.0	0.0	1.0
-0.040127	0.070656
0.822250	-0.222063	0.524015	-14.043716
0.238587	0.970420	0.036861	-1.628667
-0.516700	0.094715	0.850909	3.545806

3
899.947000	-0.884076	513.732000
0.0	900.304000	387.092000
0.0	0.0	1.0
-0.042342	0.066688
0.589370	-0.275059	0.759595	-19.245201
0.306233	0.946147	0.105005	-3.271444
-0.747571	0.170727	0.641863	8.704839

4
903.813000	-1.152090	528.596000
0.0	903.822000	387.138000
0.0	0.0	1.0
-0.037342	0.074592
0.306629	-0.323092	0.895314	-22.447409
0.350949	0.912730	0.209182	-5.633588
-0.884766	0.250068	0.393258	14.850560

5
903.481000	-0.747372	518.796000
0.0	903.763000	390.891000
0.0	0.0	1.0
-0.036064	0.075855
0.027750	-0.336459	0.941288	-24.526824
0.365759	0.879770	0.303686	-7.997276
-0.930295	0.335857	0.147476	20.738744

6
900.780000	-1.491240	499.700000
0.0	901.282000	391.967000
0.0	0.0	1.0
-0.038361	0.055261
-0.289622	-0.291026	0.911824	-23.255225
0.406829	0.824885	0.392499	-11.512297
-0.866377	0.484633	-0.120506	27.238997

7
893.681000	-0.222610	505.091000
0.0	894.923000	387.806000
0.0	0.0	1.0
-0.047075	0.090111
-0.592465	-0.224579	0.773655	-19.216416
0.342963	0.798666	0.494475	-13.433733
-0.728941	0.558294	-0.396160	34.117332

8
896.218000	-1.379650	523.711000
0.0	897.080000	376.461000
0.0	0.0	1.0
-0.034193	0.056617
-0.805962	-0.161395	0.569535	-14.512141
0.235845	0.794912	0.559007	-14.083318
-0.542951	0.584861	-0.602605	39.388713

9
902.242000	0.184611	499.191000
0.0	900.901000	380.377000
0.0	0.0	1.0
-0.037920	0.103152
-0.954012	-0.090753	0.285696	-7.787724
0.129672	0.734346	0.666272	-18.457626
-0.270266	0.672680	-0.688807	41.350686

10
900.715000	-0.686054	504.803000
0.0	901.123000	389.846000
0.0	0.0	1.0
-0.035562	0.072726
-0.999109	0.037828	-0.018649	0.678620
0.016516	0.757767	0.652314	-17.225269
0.038808	0.651427	-0.757718	43.086495

11
895.128000	-0.390652	497.485000
0.0	896.990000	377.600000
0.0	0.0	1.0
-0.032134	0.064444
-0.936353	0.112912	-0.332402	8.502654
-0.126521	0.774685	0.619553	-16.366645
0.327462	0.622179	-0.711093	41.963939

12
899.283000	-0.964562	503.324000
0.0	900.436000	397.166000
0.0	0.0	1.0
-0.038858	0.070228
-0.782467	0.210300	-0.586104	14.927967
-0.215608	0.791517	0.571848	-15.315802
0.584171	0.573823	-0.573994	38.533484

13
900.897000	-0.917168	508.400000
0.0	901.281000	374.821000
0.0	0.0	1.0
-0.035715	0.073077
-0.544575	0.278672	-0.791060	20.014555
-0.263907	0.838341	0.477005	-12.329254
0.796108	0.468531	-0.382999	33.825588

14
898.428000	-0.993722	497.593000
0.0	899.318000	384.778000
0.0	0.0	1.0
-0.038941	0.067877
-0.253920	0.317458	-0.913643	23.339057
-0.328556	0.860124	0.390175	-10.777353
0.909711	0.399255	-0.114101	27.337556

15
894.683000	-1.062650	515.032000
0.0	895.525000	394.660000
0.0	0.0	1.0
-0.037696	0.075939
0.010052	0.291838	-0.956415	22.881322
-0.307138	0.911129	0.274792	-6.984716
0.951612	0.290989	0.098793	22.002447

16
899.432000	-0.324891	519.954000
0.0	899.985000	369.015000
0.0	0.0	1.0
-0.027463	0.053886
0.340529	0.306771	-0.888779	22.275397
-0.295535	0.932288	0.208555	-5.525439
0.892578	0.191645	0.408133	14.474783

17
894.137000	-0.480500	520.514000
0.0	894.725000	382.723000
0.0	0.0	1.0
-0.045624	0.091011
0.716926	0.217250	-0.662430	19.981135
-0.174199	0.975883	0.131521	-1.867942
0.675027	0.021102	0.737487	6.044167

18
900.777000	-1.086780	500.965000
0.0	901.679000	404.642000
0.0	0.0	1.0
-0.036872	0.059527
0.841241	0.152100	-0.518824	13.769555
-0.188030	0.982016	-0.016986	-1.413544
0.506909	0.111844	0.854711	3.563441

19
900.074000	-0.920904	487.423000
0.0	899.886000	400.975000
0.0	0.0	1.0
-0.031584	0.055274
0.963147	0.048126	-0.264630	7.036366
-0.062651	0.996939	-0.046712	-0.252163
0.261571	0.061571	0.963215	0.834612